0.25
100*100 10
3*3 2

18.77560414   8.09928425  19.40029569   3.27632475  12.24339221
   9.38983051  14.49056604  13.1884058    9.37090155   2.19249644
      7.96327212   4.94538958  12.20159151  10.34143419   7.24053369
        17.55113196  12.5349162   15.11243976

0.25
10*10 10
3*3 2

13.04043716  10.44623012   9.74238876  25.69312479  20.70449549
  22.46514275  14.44927665  13.50400282  12.70368267   8.42609317
    17.76114635   9.71709717  16.17032745  16.8362962   18.40935136
      22.85714286  21.52519206  11.60032774

0.25
50*50 10
3*3 2

12.40869565  12.68158618  10.41577552   8.89161105  22.37752298
  14.77687717  23.30393325  17.38754325  22.94112034   8.84336537
    13.63636364   8.81548496  17.34480248  20.70111392  20.29315961
       9.54705608   4.40557175   5.4630763

0.25
150*150 10
3*3 2

14.16183692   7.18709731  19.91554916   1.11193767   1.42812304
   4.03219316  10.78713445  11.20548418   6.35352287   0.71475999
      8.17231284   6.95756672   3.18303447   2.40443652   0.87825442
         2.55839822   0.90223802   5.25693794


